<?xml version="1.0"?>
<opencv_storage>
<calibration_time>"Wed 02 Nov 2016 01:32:27 PM EDT"</calibration_time>
<nr_of_frames>25</nr_of_frames>
<image_width>640</image_width>
<image_height>480</image_height>
<board_width>8</board_width>
<board_height>6</board_height>
<square_size>30.</square_size>
<fix_aspect_ratio>1.</fix_aspect_ratio>
<!-- flags: +fix_aspectRatio +fix_principal_point +zero_tangent_dist +fix_k4 +fix_k5 -->
<flags>6158</flags>
<fisheye_model>0</fisheye_model>
<camera_matrix type_id="opencv-matrix">
  <rows>3</rows>
  <cols>3</cols>
  <dt>d</dt>
  <data>
    5.8288678804925758e+02 0. 320. 0. 5.8288678804925758e+02 240. 0. 0.
    1.</data></camera_matrix>
<distortion_coefficients type_id="opencv-matrix">
  <rows>5</rows>
  <cols>1</cols>
  <dt>d</dt>
  <data>
    1.1664127652265946e-01 -6.6007177289361743e-02 0. 0.
    -7.3589968740835965e-01</data></distortion_coefficients>
<avg_reprojection_error>2.9700517201923610e-01</avg_reprojection_error>
<per_view_reprojection_errors type_id="opencv-matrix">
  <rows>25</rows>
  <cols>1</cols>
  <dt>f</dt>
  <data>
    3.89455259e-01 2.85403371e-01 2.66464829e-01 4.23100203e-01
    4.78141189e-01 3.88926059e-01 2.15077206e-01 2.08462924e-01
    2.18262523e-01 2.21091107e-01 2.40879983e-01 3.11908036e-01
    2.25246504e-01 2.38033578e-01 2.31939733e-01 2.41359249e-01
    4.52278167e-01 3.37395966e-01 2.89918810e-01 2.57928997e-01
    2.34844789e-01 2.46860772e-01 2.69549459e-01 2.22320825e-01
    2.72273809e-01</data></per_view_reprojection_errors>
<!-- a set of 6-tuples (rotation vector + translation vector) for each view -->
<extrinsic_parameters type_id="opencv-matrix">
  <rows>25</rows>
  <cols>6</cols>
  <dt>d</dt>
  <data>
    -2.2456299471488089e-01 7.7035666549161969e-02
    2.5572718000546524e-01 -1.0050817625733124e+02
    -1.1227813114130245e+02 4.9873029540565943e+02
    -2.1836896540090669e-01 3.1358844722944382e-02
    2.8455122572376335e-01 -6.7262422245457884e+01
    -1.1538412721176579e+02 4.6527982532655432e+02
    -2.1593319547797948e-01 3.1087075346001095e-02
    2.8700107741507286e-01 -6.6130930927334646e+01
    -1.1557240159164347e+02 4.6341452055661301e+02
    -2.1229859936928042e-01 1.8292302724511576e-02
    2.5415275599193476e-01 -7.3612982666603401e+01
    -1.0855650168580939e+02 4.6052151749053775e+02
    -2.0841491165383449e-01 4.1007595363265682e-02
    2.2222883211258071e-01 -8.6758842855186472e+01
    -9.6917347379020541e+01 4.6223448916614745e+02
    -2.2197216926763172e-01 7.4877976454504599e-02
    1.5053169254744275e-01 -1.2803737788354368e+02
    -7.9358563801664957e+01 4.7792298029832557e+02
    -2.0425409272630601e-01 4.6390032786480143e-02
    1.2612825184333362e-01 -1.3387661899463427e+02
    -7.0796983786902800e+01 4.8164013211063752e+02
    -2.1965063267004611e-01 4.7996303707487142e-02
    1.2507291513446853e-01 -1.3400037483146576e+02
    -7.4934687083325144e+01 4.8914078004800973e+02
    -2.1915779037130462e-01 4.4910018564539918e-02
    1.1786669978227350e-01 -1.3456203416311050e+02
    -7.3412981735883108e+01 4.8812458413057669e+02
    -2.2069304872858081e-01 4.3261091298155571e-02
    1.1025077417326384e-01 -1.3694358714691563e+02
    -7.2166184099544594e+01 4.8755707860894404e+02
    -2.2826944107910224e-01 4.4271197750258895e-02
    1.0530613934245807e-01 -1.3832624630764394e+02
    -7.3575928549827211e+01 4.8896962058011223e+02
    -2.4295269461854999e-01 4.0561923342171603e-02
    1.0792909311612096e-01 -1.5405979416025087e+02
    -9.5416475132983507e+01 4.8952606767422554e+02
    -2.2230723218204748e-01 3.2085483734509430e-02
    1.3780161346420844e-01 -1.6343353687690075e+02
    -1.0988284608262440e+02 4.8516060648997063e+02
    -2.2532660008841032e-01 3.5048717536514694e-02
    1.3431404312139872e-01 -1.6582468765989836e+02
    -1.0942950472867543e+02 4.8422075925641320e+02
    -2.2187730542722975e-01 3.2323716522711134e-02
    1.2901485658528478e-01 -1.6700514803499357e+02
    -1.0786702999608723e+02 4.8315862619963326e+02
    -2.1300672929794121e-01 2.2947385975820602e-02
    1.2602821622334998e-01 -1.6212907996845399e+02
    -1.0468853787451151e+02 4.8244688950732353e+02
    -2.1532242863518689e-01 -1.2766613167759087e-02
    1.0552089410737442e-01 -1.2947020416639754e+02
    -9.5252234508936326e+01 4.7869059101141187e+02
    -2.2293360539243201e-01 -2.7020650591095208e-02
    9.7931222526883327e-02 -1.1211669614438662e+02
    -9.2611658319787068e+01 4.7716277710324152e+02
    -2.3038111096212394e-01 -3.0566495595196135e-02
    8.6929053968488518e-02 -1.0401323134627295e+02
    -8.9469643029379142e+01 4.7786484583891763e+02
    -2.2291587033844490e-01 -3.1161384618285385e-02
    7.7313989297386226e-02 -9.5759032682975445e+01
    -8.6346459569815536e+01 4.7498823946393259e+02
    -2.1811188084530056e-01 -2.7326113705914628e-02
    4.7568357698218058e-02 -9.3798377100048526e+01
    -8.1772958037404507e+01 4.7359342998895477e+02
    -2.1822774682971094e-01 -2.5487139294625420e-02
    2.9688098947935216e-02 -9.4080556794195388e+01
    -7.9571231431185993e+01 4.7302249132479744e+02
    -2.0638781964316330e-01 -2.2092835073935342e-02
    -1.6366396498806002e-02 -9.7058381642322530e+01
    -7.3688541194107671e+01 4.6959261784549597e+02
    -1.6076052172556002e-01 -4.2238205846988229e-03
    -1.3095994429858535e-01 -1.0292117434248543e+02
    -5.9748445074944676e+01 4.6236156098669858e+02
    -1.2660120510135303e-01 -1.9586680798144135e-03
    -1.2202008168116116e-01 -1.0211645805856381e+02
    -5.9912439400346308e+01 4.5504188766695154e+02</data></extrinsic_parameters>
